EndOfGen Gen PropellantDoesNotIgnite PropellantSnuffsOut Blowby_projectile Blowby_breech NotEnoughPressure TooMuchPressure FailToInitiatePower InsufficientBatterySupply MotorDamage InadequateTorque GEUCommandNotRecieved CapacitorNotCharged CommandSentEarly CommandSentLate IgnitePropellant SealGas GeneratePressure InitiateInflightPower ModifyAttitude ArmWarheadFuze SendFireCommand Launch BallisticFlight TerminalEffects System red_system System red_system
0 0 0 0 0 0 0 0 0 0 0 0 0 0 0 0 1 1 0 1 2 2 3 0 1 1 1 0 0.296262230919765 0.558023483365949
0 0 0 0 0 0 0 0 0 0 0 0 0 0 0 0 1 1 0 2 2 2 0 0 3 1 0 0 0.296536203522505 0.512191780821918
0 0 0 0 0 0 0 0 0 0 0 0 0 0 0 0 1 2 0 0 3 1 1 0 3 1 0 0 0.308082191780822 0.498356164383561
1 0 0 0 0 0 0 0 0 0 0 0 0 0 0 0 1 1 0 2 2 2 0 0 3 1 0 0 0.296536203522505 0.512191780821918
1 1 0 0 0 0 0 0 0 0 0 0 0 0 0 0 0 2 1 0 3 2 0 1 1 1 1 0 0.296086 0.52863
1 1 0 0 0 0 0 0 0 0 0 0 0 0 0 0 1 1 1 0 1 2 1 0 1 2 1 0 0.291781 0.583738
1 1 0 0 0 0 0 0 0 0 0 0 0 0 0 0 1 1 0 0 3 1 0 0 3 1 0 0 0.302505 0.493425
2 1 0 0 0 0 0 0 0 0 0 0 0 0 0 0 1 1 0 0 3 1 0 0 3 1 0 0 0.302505 0.493425
2 2 0 0 0 0 0 0 0 0 0 0 0 0 0 0 0 0 1 0 3 2 1 1 2 0 1 0 0.295225 0.507339
2 2 0 0 0 0 0 0 0 0 0 0 0 0 0 0 1 1 0 1 2 1 0 0 3 1 1 0 0.288591 0.513268
2 2 0 0 0 0 0 0 0 0 0 0 0 0 0 0 0 1 0 1 2 2 0 0 3 2 0 0 0.286458 0.516536
3 1 0 0 0 0 0 0 0 0 0 0 0 0 0 0 1 1 0 0 3 1 0 0 3 1 0 0 0.302505 0.493425
3 3 0 0 0 0 0 0 0 0 0 0 0 0 0 0 0 1 0 0 3 2 0 1 2 1 1 0 0.278787 0.50589
4 1 0 0 0 0 0 0 0 0 0 0 0 0 0 0 1 1 0 0 3 1 0 0 3 1 0 0 0.302505 0.493425
4 3 0 0 0 0 0 0 0 0 0 0 0 0 0 0 0 1 0 0 3 2 0 1 2 1 1 0 0.278787 0.50589
4 4 0 0 0 0 0 0 0 0 0 0 0 0 0 0 0 0 0 0 3 2 0 0 3 1 1 0 0.298356 0.495969
5 1 0 0 0 0 0 0 0 0 0 0 0 0 0 0 1 1 0 0 3 1 0 0 3 1 0 0 0.302505 0.493425
5 3 0 0 0 0 0 0 0 0 0 0 0 0 0 0 0 1 0 0 3 2 0 1 2 1 1 0 0.278787 0.50589
5 4 0 0 0 0 0 0 0 0 0 0 0 0 0 0 0 0 0 0 3 2 0 0 3 1 1 0 0.298356 0.495969
6 3 0 0 0 0 0 0 0 0 0 0 0 0 0 0 0 1 0 0 3 2 0 1 2 1 1 0 0.278787 0.50589
6 6 0 0 0 0 0 0 0 0 0 0 0 0 0 0 1 1 0 0 3 1 0 0 3 1 1 0 0.299569 0.490685
6 6 0 0 0 0 0 0 0 0 0 0 0 0 0 0 0 1 0 0 3 2 0 0 3 0 1 0 0.294305 0.495812
7 3 0 0 0 0 0 0 0 0 0 0 0 0 0 0 0 1 0 0 3 2 0 1 2 1 1 0 0.278787 0.50589
7 6 0 0 0 0 0 0 0 0 0 0 0 0 0 0 1 1 0 0 3 1 0 0 3 1 1 0 0.299569 0.490685
7 6 0 0 0 0 0 0 0 0 0 0 0 0 0 0 0 1 0 0 3 2 0 0 3 0 1 0 0.294305 0.495812
8 3 0 0 0 0 0 0 0 0 0 0 0 0 0 0 0 1 0 0 3 2 0 1 2 1 1 0 0.278787 0.50589
8 6 0 0 0 0 0 0 0 0 0 0 0 0 0 0 1 1 0 0 3 1 0 0 3 1 1 0 0.299569 0.490685
8 6 0 0 0 0 0 0 0 0 0 0 0 0 0 0 0 1 0 0 3 2 0 0 3 0 1 0 0.294305 0.495812
9 3 0 0 0 0 0 0 0 0 0 0 0 0 0 0 0 1 0 0 3 2 0 1 2 1 1 0 0.278787 0.50589
9 6 0 0 0 0 0 0 0 0 0 0 0 0 0 0 1 1 0 0 3 1 0 0 3 1 1 0 0.299569 0.490685
9 9 0 0 0 0 0 0 0 0 0 0 0 0 0 0 0 1 1 0 3 1 0 0 3 1 1 0 0.294012 0.492564
9 9 0 0 0 0 0 0 0 0 0 0 0 0 0 0 0 1 0 0 3 2 0 0 2 1 1 0 0.276654 0.508121
10 3 0 0 0 0 0 0 0 0 0 0 0 0 0 0 0 1 0 0 3 2 0 1 2 1 1 0 0.278787 0.50589
10 6 0 0 0 0 0 0 0 0 0 0 0 0 0 0 1 1 0 0 3 1 0 0 3 1 1 0 0.299569 0.490685
10 9 0 0 0 0 0 0 0 0 0 0 0 0 0 0 0 1 1 0 3 1 0 0 3 1 1 0 0.294012 0.492564
10 9 0 0 0 0 0 0 0 0 0 0 0 0 0 0 0 1 0 0 3 2 0 0 2 1 1 0 0.276654 0.508121
11 3 0 0 0 0 0 0 0 0 0 0 0 0 0 0 0 1 0 0 3 2 0 1 2 1 1 0 0.278787 0.50589
11 6 0 0 0 0 0 0 0 0 0 0 0 0 0 0 1 1 0 0 3 1 0 0 3 1 1 0 0.299569 0.490685
11 9 0 0 0 0 0 0 0 0 0 0 0 0 0 0 0 1 1 0 3 1 0 0 3 1 1 0 0.294012 0.492564
11 9 0 0 0 0 0 0 0 0 0 0 0 0 0 0 0 1 0 0 3 2 0 0 2 1 1 0 0.276654 0.508121
11 11 0 0 0 0 0 0 0 0 0 0 0 0 0 0 0 2 0 0 3 2 0 0 2 2 0 0 0.275793 0.51227
12 3 0 0 0 0 0 0 0 0 0 0 0 0 0 0 0 1 0 0 3 2 0 1 2 1 1 0 0.278787 0.50589
12 6 0 0 0 0 0 0 0 0 0 0 0 0 0 0 1 1 0 0 3 1 0 0 3 1 1 0 0.299569 0.490685
12 9 0 0 0 0 0 0 0 0 0 0 0 0 0 0 0 1 1 0 3 1 0 0 3 1 1 0 0.294012 0.492564
12 9 0 0 0 0 0 0 0 0 0 0 0 0 0 0 0 1 0 0 3 2 0 0 2 1 1 0 0.276654 0.508121
12 11 0 0 0 0 0 0 0 0 0 0 0 0 0 0 0 2 0 0 3 2 0 0 2 2 0 0 0.275793 0.51227
13 3 0 0 0 0 0 0 0 0 0 0 0 0 0 0 0 1 0 0 3 2 0 1 2 1 1 0 0.278787 0.50589
13 6 0 0 0 0 0 0 0 0 0 0 0 0 0 0 1 1 0 0 3 1 0 0 3 1 1 0 0.299569 0.490685
13 9 0 0 0 0 0 0 0 0 0 0 0 0 0 0 0 1 1 0 3 1 0 0 3 1 1 0 0.294012 0.492564
13 9 0 0 0 0 0 0 0 0 0 0 0 0 0 0 0 1 0 0 3 2 0 0 2 1 1 0 0.276654 0.508121
13 11 0 0 0 0 0 0 0 0 0 0 0 0 0 0 0 2 0 0 3 2 0 0 2 2 0 0 0.275793 0.51227
13 13 0 0 0 0 0 0 0 0 0 0 0 0 0 0 0 1 0 0 3 2 0 0 3 2 0 0 0.283894 0.495108
14 3 0 0 0 0 0 0 0 0 0 0 0 0 0 0 0 1 0 0 3 2 0 1 2 1 1 0 0.278787 0.50589
14 6 0 0 0 0 0 0 0 0 0 0 0 0 0 0 1 1 0 0 3 1 0 0 3 1 1 0 0.299569 0.490685
14 9 0 0 0 0 0 0 0 0 0 0 0 0 0 0 0 1 1 0 3 1 0 0 3 1 1 0 0.294012 0.492564
14 9 0 0 0 0 0 0 0 0 0 0 0 0 0 0 0 1 0 0 3 2 0 0 2 1 1 0 0.276654 0.508121
14 11 0 0 0 0 0 0 0 0 0 0 0 0 0 0 0 2 0 0 3 2 0 0 2 2 0 0 0.275793 0.51227
14 13 0 0 0 0 0 0 0 0 0 0 0 0 0 0 0 1 0 0 3 2 0 0 3 2 0 0 0.283894 0.495108
15 3 0 0 0 0 0 0 0 0 0 0 0 0 0 0 0 1 0 0 3 2 0 1 2 1 1 0 0.278787 0.50589
15 6 0 0 0 0 0 0 0 0 0 0 0 0 0 0 1 1 0 0 3 1 0 0 3 1 1 0 0.299569 0.490685
15 9 0 0 0 0 0 0 0 0 0 0 0 0 0 0 0 1 1 0 3 1 0 0 3 1 1 0 0.294012 0.492564
15 9 0 0 0 0 0 0 0 0 0 0 0 0 0 0 0 1 0 0 3 2 0 0 2 1 1 0 0.276654 0.508121
15 11 0 0 0 0 0 0 0 0 0 0 0 0 0 0 0 2 0 0 3 2 0 0 2 2 0 0 0.275793 0.51227
15 13 0 0 0 0 0 0 0 0 0 0 0 0 0 0 0 1 0 0 3 2 0 0 3 2 0 0 0.283894 0.495108
