"Gen" "PropellantDoesNotIgnite" "PropellantSnuffsOut" "Blowby_projectile" "Blowby_breech" "NotEnoughPressure" "TooMuchPressure" "FailToInitiatePower" "InsufficientBatterySupply" "MotorDamage" "InadequateTorque" "GEUCommandNotRecieved" "CapacitorNotCharged" "CommandSentEarly" "CommandSentLate" "IgnitePropellant" "SealGas" "GeneratePressure" "InitiateInflightPower" "ModifyAttitude" "ArmWarheadFuze" "SendFireCommand" "Launch" "BallisticFlight" "TerminalEffects" "System" "red_system" "System" "red_system" "des"
10 0 0 0 0 0 0 0 0 0 0 0 0 0 0 0 4 0 1 4 6 0 0 0 0 0 0 0.121879 0.459061 0.121879
12 0 0 0 0 0 0 0 0 0 0 0 0 0 0 0 4 0 1 4 6 0 0 0 0 0 0 0.121879 0.459061 0.121879
13 0 0 0 0 0 0 0 0 0 0 0 0 0 0 0 4 0 1 4 6 0 0 0 0 0 0 0.121879 0.459061 0.121879
13 0 0 0 0 0 0 0 0 0 0 0 0 0 0 0 4 0 1 4 6 0 0 0 0 0 0 0.121879 0.459061 0.121879
13 0 0 0 0 0 0 0 0 0 0 0 0 0 0 0 4 0 1 4 6 0 0 0 0 0 0 0.121879 0.459061 0.121879
13 0 0 0 0 0 0 0 0 0 0 0 0 0 0 0 4 0 1 4 6 0 0 0 0 0 0 0.121879 0.459061 0.121879
4 0 0 0 0 0 0 0 0 0 0 0 0 0 0 0 4 2 1 3 6 0 0 0 0 0 0 0.122994 0.474677 0.122994
10 0 0 0 0 0 0 0 0 0 0 0 0 0 0 0 4 2 1 3 6 0 0 0 0 0 0 0.122994 0.474677 0.122994
10 0 0 0 0 0 0 0 0 0 0 0 0 0 0 0 4 2 1 3 6 0 0 0 0 0 0 0.122994 0.474677 0.122994
11 0 0 0 0 0 0 0 0 0 0 0 0 0 0 0 4 2 1 3 6 0 0 0 0 0 0 0.122994 0.474677 0.122994
11 0 0 0 0 0 0 0 0 0 0 0 0 0 0 0 4 2 1 3 6 0 0 0 0 0 0 0.122994 0.474677 0.122994
11 0 0 0 0 0 0 0 0 0 0 0 0 0 0 0 4 2 1 3 6 0 0 0 0 0 0 0.122994 0.474677 0.122994
11 0 0 0 0 0 0 0 0 0 0 0 0 0 0 0 4 2 1 3 6 0 0 0 0 0 0 0.122994 0.474677 0.122994
12 0 0 0 0 0 0 0 0 0 0 0 0 0 0 0 4 2 1 3 6 0 0 0 0 0 0 0.122994 0.474677 0.122994
12 0 0 0 0 0 0 0 0 0 0 0 0 0 0 0 4 2 1 3 6 0 0 0 0 0 0 0.122994 0.474677 0.122994
12 0 0 0 0 0 0 0 0 0 0 0 0 0 0 0 4 2 1 3 6 0 0 0 0 0 0 0.122994 0.474677 0.122994
12 0 0 0 0 0 0 0 0 0 0 0 0 0 0 0 4 2 1 3 6 0 0 0 0 0 0 0.122994 0.474677 0.122994
12 0 0 0 0 0 0 0 0 0 0 0 0 0 0 0 4 2 1 3 6 0 0 0 0 0 0 0.122994 0.474677 0.122994
12 0 0 0 0 0 0 0 0 0 0 0 0 0 0 0 4 2 1 3 6 0 0 0 0 0 0 0.122994 0.474677 0.122994
12 0 0 0 0 0 0 0 0 0 0 0 0 0 0 0 4 2 1 3 6 0 0 0 0 0 0 0.122994 0.474677 0.122994
12 0 0 0 0 0 0 0 0 0 0 0 0 0 0 0 4 2 1 3 6 0 0 0 0 0 0 0.122994 0.474677 0.122994
12 0 0 0 0 0 0 0 0 0 0 0 0 0 0 0 4 2 1 3 6 0 0 0 0 0 0 0.122994 0.474677 0.122994
13 0 0 0 0 0 0 0 0 0 0 0 0 0 0 0 4 2 1 3 6 0 0 0 0 0 0 0.122994 0.474677 0.122994
13 0 0 0 0 0 0 0 0 0 0 0 0 0 0 0 4 2 1 3 6 0 0 0 0 0 0 0.122994 0.474677 0.122994
13 0 0 0 0 0 0 0 0 0 0 0 0 0 0 0 4 2 1 3 6 0 0 0 0 0 0 0.122994 0.474677 0.122994
13 0 0 0 0 0 0 0 0 0 0 0 0 0 0 0 4 2 1 3 6 0 0 0 0 0 0 0.122994 0.474677 0.122994
13 0 0 0 0 0 0 0 0 0 0 0 0 0 0 0 4 2 1 3 6 0 0 0 0 0 0 0.122994 0.474677 0.122994
13 0 0 0 0 0 0 0 0 0 0 0 0 0 0 0 4 2 1 3 6 0 0 0 0 0 0 0.122994 0.474677 0.122994
13 0 0 0 0 0 0 0 0 0 0 0 0 0 0 0 4 2 1 3 6 0 0 0 0 0 0 0.122994 0.474677 0.122994
13 0 0 0 0 0 0 0 0 0 0 0 0 0 0 0 4 2 1 3 6 0 0 0 0 0 0 0.122994 0.474677 0.122994
13 0 0 0 0 0 0 0 0 0 0 0 0 0 0 0 4 2 1 3 6 0 0 0 0 0 0 0.122994 0.474677 0.122994
13 0 0 0 0 0 0 0 0 0 0 0 0 0 0 0 4 2 1 3 6 0 0 0 0 0 0 0.122994 0.474677 0.122994
13 0 0 0 0 0 0 0 0 0 0 0 0 0 0 0 4 2 1 3 6 0 0 0 0 0 0 0.122994 0.474677 0.122994
13 0 0 0 0 0 0 0 0 0 0 0 0 0 0 0 4 2 1 3 6 0 0 0 0 0 0 0.122994 0.474677 0.122994
13 0 0 0 0 0 0 0 0 0 0 0 0 0 0 0 4 2 1 3 6 0 0 0 0 0 0 0.122994 0.474677 0.122994
13 0 0 0 0 0 0 0 0 0 0 0 0 0 0 0 4 2 1 3 6 0 0 0 0 0 0 0.122994 0.474677 0.122994
2 0 0 0 0 0 0 0 0 0 0 0 0 0 0 0 4 0 1 4 5 2 0 0 0 0 0 0.124149 0.461683 0.124149
6 0 0 0 0 0 0 0 0 0 0 0 0 0 0 0 4 0 1 4 5 2 0 0 0 0 0 0.124149 0.461683 0.124149
9 0 0 0 0 0 0 0 0 0 0 0 0 0 0 0 4 0 1 4 5 2 0 0 0 0 0 0.124149 0.461683 0.124149
11 0 0 0 0 0 0 0 0 0 0 0 0 0 0 0 4 0 1 4 5 2 0 0 0 0 0 0.124149 0.461683 0.124149
12 0 0 0 0 0 0 0 0 0 0 0 0 0 0 0 4 0 1 4 5 2 0 0 0 0 0 0.124149 0.461683 0.124149
12 0 0 0 0 0 0 0 0 0 0 0 0 0 0 0 4 0 1 4 5 2 0 0 0 0 0 0.124149 0.461683 0.124149
12 0 0 0 0 0 0 0 0 0 0 0 0 0 0 0 4 0 1 4 5 2 0 0 0 0 0 0.124149 0.461683 0.124149
12 0 0 0 0 0 0 0 0 0 0 0 0 0 0 0 4 0 1 4 5 2 0 0 0 0 0 0.124149 0.461683 0.124149
13 0 0 0 0 0 0 0 0 0 0 0 0 0 0 0 4 0 1 4 5 2 0 0 0 0 0 0.124149 0.461683 0.124149
13 0 0 0 0 0 0 0 0 0 0 0 0 0 0 0 4 0 1 4 5 2 0 0 0 0 0 0.124149 0.461683 0.124149
13 0 0 0 0 0 0 0 0 0 0 0 0 0 0 0 4 0 1 4 5 2 0 0 0 0 0 0.124149 0.461683 0.124149
13 0 0 0 0 0 0 0 0 0 0 0 0 0 0 0 4 0 1 4 5 2 0 0 0 0 0 0.124149 0.461683 0.124149
13 0 0 0 0 0 0 0 0 0 0 0 0 0 0 0 4 0 1 4 5 2 0 0 0 0 0 0.124149 0.461683 0.124149
13 0 0 0 0 0 0 0 0 0 0 0 0 0 0 0 4 0 1 4 5 2 0 0 0 0 0 0.124149 0.461683 0.124149
13 0 0 0 0 0 0 0 0 0 0 0 0 0 0 0 4 0 1 4 5 2 0 0 0 0 0 0.124149 0.461683 0.124149
6 0 0 0 0 0 0 0 0 0 0 0 0 0 0 0 4 0 1 4 6 1 0 0 0 0 0 0.125127 0.461859 0.125127
8 0 0 0 0 0 0 0 0 0 0 0 0 0 0 0 4 0 1 4 6 1 0 0 0 0 0 0.125127 0.461859 0.125127
11 0 0 0 0 0 0 0 0 0 0 0 0 0 0 0 4 0 1 4 6 1 0 0 0 0 0 0.125127 0.461859 0.125127
11 0 0 0 0 0 0 0 0 0 0 0 0 0 0 0 4 0 1 4 6 1 0 0 0 0 0 0.125127 0.461859 0.125127
11 0 0 0 0 0 0 0 0 0 0 0 0 0 0 0 4 0 1 4 6 1 0 0 0 0 0 0.125127 0.461859 0.125127
11 0 0 0 0 0 0 0 0 0 0 0 0 0 0 0 4 0 1 4 6 1 0 0 0 0 0 0.125127 0.461859 0.125127
12 0 0 0 0 0 0 0 0 0 0 0 0 0 0 0 4 0 1 4 6 1 0 0 0 0 0 0.125127 0.461859 0.125127
13 0 0 0 0 0 0 0 0 0 0 0 0 0 0 0 4 0 1 4 6 1 0 0 0 0 0 0.125127 0.461859 0.125127
9 0 0 0 0 0 0 0 0 0 0 0 0 0 0 0 4 2 0 3 6 0 0 0 0 0 0 0.125421 0.478963 0.125421
9 0 0 0 0 0 0 0 0 0 0 0 0 0 0 0 4 2 0 3 6 0 0 0 0 0 0 0.125421 0.478963 0.125421
10 0 0 0 0 0 0 0 0 0 0 0 0 0 0 0 4 2 0 3 6 0 0 0 0 0 0 0.125421 0.478963 0.125421
10 0 0 0 0 0 0 0 0 0 0 0 0 0 0 0 4 2 0 3 6 0 0 0 0 0 0 0.125421 0.478963 0.125421
10 0 0 0 0 0 0 0 0 0 0 0 0 0 0 0 4 2 0 3 6 0 0 0 0 0 0 0.125421 0.478963 0.125421
10 0 0 0 0 0 0 0 0 0 0 0 0 0 0 0 4 2 0 3 6 0 0 0 0 0 0 0.125421 0.478963 0.125421
11 0 0 0 0 0 0 0 0 0 0 0 0 0 0 0 4 2 0 3 6 0 0 0 0 0 0 0.125421 0.478963 0.125421
11 0 0 0 0 0 0 0 0 0 0 0 0 0 0 0 4 2 0 3 6 0 0 0 0 0 0 0.125421 0.478963 0.125421
11 0 0 0 0 0 0 0 0 0 0 0 0 0 0 0 4 2 0 3 6 0 0 0 0 0 0 0.125421 0.478963 0.125421
11 0 0 0 0 0 0 0 0 0 0 0 0 0 0 0 4 2 0 3 6 0 0 0 0 0 0 0.125421 0.478963 0.125421
11 0 0 0 0 0 0 0 0 0 0 0 0 0 0 0 4 2 0 3 6 0 0 0 0 0 0 0.125421 0.478963 0.125421
12 0 0 0 0 0 0 0 0 0 0 0 0 0 0 0 4 2 0 3 6 0 0 0 0 0 0 0.125421 0.478963 0.125421
12 0 0 0 0 0 0 0 0 0 0 0 0 0 0 0 4 2 0 3 6 0 0 0 0 0 0 0.125421 0.478963 0.125421
12 0 0 0 0 0 0 0 0 0 0 0 0 0 0 0 4 2 0 3 6 0 0 0 0 0 0 0.125421 0.478963 0.125421
12 0 0 0 0 0 0 0 0 0 0 0 0 0 0 0 4 2 0 3 6 0 0 0 0 0 0 0.125421 0.478963 0.125421
12 0 0 0 0 0 0 0 0 0 0 0 0 0 0 0 4 2 0 3 6 0 0 0 0 0 0 0.125421 0.478963 0.125421
12 0 0 0 0 0 0 0 0 0 0 0 0 0 0 0 4 2 0 3 6 0 0 0 0 0 0 0.125421 0.478963 0.125421
12 0 0 0 0 0 0 0 0 0 0 0 0 0 0 0 4 2 0 3 6 0 0 0 0 0 0 0.125421 0.478963 0.125421
12 0 0 0 0 0 0 0 0 0 0 0 0 0 0 0 4 2 0 3 6 0 0 0 0 0 0 0.125421 0.478963 0.125421
13 0 0 0 0 0 0 0 0 0 0 0 0 0 0 0 4 2 0 3 6 0 0 0 0 0 0 0.125421 0.478963 0.125421
13 0 0 0 0 0 0 0 0 0 0 0 0 0 0 0 4 2 0 3 6 0 0 0 0 0 0 0.125421 0.478963 0.125421
13 0 0 0 0 0 0 0 0 0 0 0 0 0 0 0 4 2 0 3 6 0 0 0 0 0 0 0.125421 0.478963 0.125421
13 0 0 0 0 0 0 0 0 0 0 0 0 0 0 0 4 2 0 3 6 0 0 0 0 0 0 0.125421 0.478963 0.125421
13 0 0 0 0 0 0 0 0 0 0 0 0 0 0 0 4 2 0 3 6 0 0 0 0 0 0 0.125421 0.478963 0.125421
13 0 0 0 0 0 0 0 0 0 0 0 0 0 0 0 4 2 0 3 6 0 0 0 0 0 0 0.125421 0.478963 0.125421
13 0 0 0 0 0 0 0 0 0 0 0 0 0 0 0 4 2 0 3 6 0 0 0 0 0 0 0.125421 0.478963 0.125421
13 0 0 0 0 0 0 0 0 0 0 0 0 0 0 0 4 2 0 3 6 0 0 0 0 0 0 0.125421 0.478963 0.125421
13 0 0 0 0 0 0 0 0 0 0 0 0 0 0 0 4 2 0 3 6 0 0 0 0 0 0 0.125421 0.478963 0.125421
13 0 0 0 0 0 0 0 0 0 0 0 0 0 0 0 4 2 0 3 6 0 0 0 0 0 0 0.125421 0.478963 0.125421
13 0 0 0 0 0 0 0 0 0 0 0 0 0 0 0 4 2 0 3 6 0 0 0 0 0 0 0.125421 0.478963 0.125421
13 0 0 0 0 0 0 0 0 0 0 0 0 0 0 0 4 2 0 3 6 0 0 0 0 0 0 0.125421 0.478963 0.125421
13 0 0 0 0 0 0 0 0 0 0 0 0 0 0 0 4 2 0 3 6 0 0 0 0 0 0 0.125421 0.478963 0.125421
13 0 0 0 0 0 0 0 0 0 0 0 0 0 0 0 4 2 0 3 6 0 0 0 0 0 0 0.125421 0.478963 0.125421
13 0 0 0 0 0 0 0 0 0 0 0 0 0 0 0 4 2 0 3 6 0 0 0 0 0 0 0.125421 0.478963 0.125421
13 0 0 0 0 0 0 0 0 0 0 0 0 0 0 0 4 2 0 3 6 0 0 0 0 0 0 0.125421 0.478963 0.125421
13 0 0 0 0 0 0 0 0 0 0 0 0 0 0 0 4 2 0 3 6 0 0 0 0 0 0 0.125421 0.478963 0.125421
13 0 0 0 0 0 0 0 0 0 0 0 0 0 0 0 4 2 0 3 6 0 0 0 0 0 0 0.125421 0.478963 0.125421
6 0 0 0 0 0 0 0 0 0 0 0 0 0 0 0 6 0 0 5 4 0 0 0 0 0 0 0.12544 0.44593 0.12544
7 0 0 0 0 0 0 0 0 0 0 0 0 0 0 0 6 0 0 5 4 0 0 0 0 0 0 0.12544 0.44593 0.12544
8 0 0 0 0 0 0 0 0 0 0 0 0 0 0 0 6 0 0 5 4 0 0 0 0 0 0 0.12544 0.44593 0.12544
8 0 0 0 0 0 0 0 0 0 0 0 0 0 0 0 6 0 0 5 4 0 0 0 0 0 0 0.12544 0.44593 0.12544
