"Gen" "PropellantDoesNotIgnite" "PropellantSnuffsOut" "Blowby_projectile" "Blowby_breech" "NotEnoughPressure" "TooMuchPressure" "FailToInitiatePower" "InsufficientBatterySupply" "MotorDamage" "InadequateTorque" "GEUCommandNotRecieved" "CapacitorNotCharged" "CommandSentEarly" "CommandSentLate" "IgnitePropellant" "SealGas" "GeneratePressure" "InitiateInflightPower" "ModifyAttitude" "ArmWarheadFuze" "SendFireCommand" "Launch" "BallisticFlight" "TerminalEffects" "System" "red_system" "System" "red_system" "des"
16 0 0 0 0 0 0 0 0 0 0 0 0 0 0 0 1 0 0 2 3 0 1 2 1 1 0 0.207808 0.484677 0.207808
18 0 0 0 0 0 0 0 0 0 0 0 0 0 0 0 1 0 0 2 3 0 1 2 1 1 0 0.207808 0.484677 0.207808
12 0 0 0 0 0 0 0 0 0 0 0 0 0 0 1 3 0 0 3 3 0 1 0 1 1 0 0.209139 0.496164 0.209139
13 0 0 0 0 0 0 0 0 0 0 0 0 0 0 0 3 0 0 2 3 0 0 2 2 0 0 0.209413 0.482035 0.209413
17 0 0 0 0 0 0 0 0 0 0 0 0 0 0 0 3 0 0 2 3 0 0 2 2 0 0 0.209413 0.482035 0.209413
18 0 0 0 0 0 0 0 0 0 0 0 0 0 0 0 3 0 0 2 3 0 0 2 2 0 0 0.209413 0.482035 0.209413
14 0 0 0 0 0 0 0 0 0 0 0 0 0 0 0 3 0 0 3 3 0 0 1 0 1 0 0.209569 0.476732 0.209569
9 0 0 0 0 0 0 0 0 0 0 0 0 0 0 1 1 0 0 3 2 0 1 1 1 0 0 0.209843 0.47546 0.209843
12 0 0 0 0 0 0 0 0 0 0 0 0 0 0 1 1 0 0 3 2 0 1 1 1 0 0 0.209843 0.47546 0.209843
9 0 0 0 0 0 0 0 0 0 0 0 0 0 0 0 2 0 0 2 2 0 0 2 2 1 0 0.20998 0.477984 0.20998
12 0 0 0 0 0 0 0 0 0 0 0 0 0 0 0 2 0 0 2 2 0 0 2 2 1 0 0.20998 0.477984 0.20998
12 0 0 0 0 0 0 0 0 0 0 0 0 0 0 0 2 0 0 2 2 0 0 2 2 1 0 0.20998 0.477984 0.20998
13 0 0 0 0 0 0 0 0 0 0 0 0 0 0 0 2 0 0 2 2 0 0 2 2 1 0 0.20998 0.477984 0.20998
13 0 0 0 0 0 0 0 0 0 0 0 0 0 0 0 2 0 0 2 2 0 0 2 2 1 0 0.20998 0.477984 0.20998
13 0 0 0 0 0 0 0 0 0 0 0 0 0 0 0 2 0 0 2 2 0 0 2 2 1 0 0.20998 0.477984 0.20998
14 0 0 0 0 0 0 0 0 0 0 0 0 0 0 0 2 0 0 2 2 0 0 2 2 1 0 0.20998 0.477984 0.20998
14 0 0 0 0 0 0 0 0 0 0 0 0 0 0 0 2 0 0 2 2 0 0 2 2 1 0 0.20998 0.477984 0.20998
14 0 0 0 0 0 0 0 0 0 0 0 0 0 0 0 2 0 0 2 2 0 0 2 2 1 0 0.20998 0.477984 0.20998
14 0 0 0 0 0 0 0 0 0 0 0 0 0 0 0 2 0 0 2 2 0 0 2 2 1 0 0.20998 0.477984 0.20998
14 0 0 0 0 0 0 0 0 0 0 0 0 0 0 0 2 0 0 2 2 0 0 2 2 1 0 0.20998 0.477984 0.20998
14 0 0 0 0 0 0 0 0 0 0 0 0 0 0 0 2 0 0 2 2 0 0 2 2 1 0 0.20998 0.477984 0.20998
14 0 0 0 0 0 0 0 0 0 0 0 0 0 0 0 2 0 0 2 2 0 0 2 2 1 0 0.20998 0.477984 0.20998
15 0 0 0 0 0 0 0 0 0 0 0 0 0 0 0 2 0 0 2 2 0 0 2 2 1 0 0.20998 0.477984 0.20998
15 0 0 0 0 0 0 0 0 0 0 0 0 0 0 0 2 0 0 2 2 0 0 2 2 1 0 0.20998 0.477984 0.20998
15 0 0 0 0 0 0 0 0 0 0 0 0 0 0 0 2 0 0 2 2 0 0 2 2 1 0 0.20998 0.477984 0.20998
15 0 0 0 0 0 0 0 0 0 0 0 0 0 0 0 2 0 0 2 2 0 0 2 2 1 0 0.20998 0.477984 0.20998
15 0 0 0 0 0 0 0 0 0 0 0 0 0 0 0 2 0 0 2 2 0 0 2 2 1 0 0.20998 0.477984 0.20998
15 0 0 0 0 0 0 0 0 0 0 0 0 0 0 0 2 0 0 2 2 0 0 2 2 1 0 0.20998 0.477984 0.20998
15 0 0 0 0 0 0 0 0 0 0 0 0 0 0 0 2 0 0 2 2 0 0 2 2 1 0 0.20998 0.477984 0.20998
15 0 0 0 0 0 0 0 0 0 0 0 0 0 0 0 2 0 0 2 2 0 0 2 2 1 0 0.20998 0.477984 0.20998
15 0 0 0 0 0 0 0 0 0 0 0 0 0 0 0 2 0 0 2 2 0 0 2 2 1 0 0.20998 0.477984 0.20998
15 0 0 0 0 0 0 0 0 0 0 0 0 0 0 0 2 0 0 2 2 0 0 2 2 1 0 0.20998 0.477984 0.20998
15 0 0 0 0 0 0 0 0 0 0 0 0 0 0 0 2 0 0 2 2 0 0 2 2 1 0 0.20998 0.477984 0.20998
15 0 0 0 0 0 0 0 0 0 0 0 0 0 0 0 2 0 0 2 2 0 0 2 2 1 0 0.20998 0.477984 0.20998
15 0 0 0 0 0 0 0 0 0 0 0 0 0 0 0 2 0 0 2 2 0 0 2 2 1 0 0.20998 0.477984 0.20998
15 0 0 0 0 0 0 0 0 0 0 0 0 0 0 0 2 0 0 2 2 0 0 2 2 1 0 0.20998 0.477984 0.20998
15 0 0 0 0 0 0 0 0 0 0 0 0 0 0 0 2 0 0 2 2 0 0 2 2 1 0 0.20998 0.477984 0.20998
15 0 0 0 0 0 0 0 0 0 0 0 0 0 0 0 2 0 0 2 2 0 0 2 2 1 0 0.20998 0.477984 0.20998
15 0 0 0 0 0 0 0 0 0 0 0 0 0 0 0 2 0 0 2 2 0 0 2 2 1 0 0.20998 0.477984 0.20998
16 0 0 0 0 0 0 0 0 0 0 0 0 0 0 0 2 0 0 2 2 0 0 2 2 1 0 0.20998 0.477984 0.20998
16 0 0 0 0 0 0 0 0 0 0 0 0 0 0 0 2 0 0 2 2 0 0 2 2 1 0 0.20998 0.477984 0.20998
16 0 0 0 0 0 0 0 0 0 0 0 0 0 0 0 2 0 0 2 2 0 0 2 2 1 0 0.20998 0.477984 0.20998
16 0 0 0 0 0 0 0 0 0 0 0 0 0 0 0 2 0 0 2 2 0 0 2 2 1 0 0.20998 0.477984 0.20998
16 0 0 0 0 0 0 0 0 0 0 0 0 0 0 0 2 0 0 2 2 0 0 2 2 1 0 0.20998 0.477984 0.20998
16 0 0 0 0 0 0 0 0 0 0 0 0 0 0 0 2 0 0 2 2 0 0 2 2 1 0 0.20998 0.477984 0.20998
16 0 0 0 0 0 0 0 0 0 0 0 0 0 0 0 2 0 0 2 2 0 0 2 2 1 0 0.20998 0.477984 0.20998
16 0 0 0 0 0 0 0 0 0 0 0 0 0 0 0 2 0 0 2 2 0 0 2 2 1 0 0.20998 0.477984 0.20998
16 0 0 0 0 0 0 0 0 0 0 0 0 0 0 0 2 0 0 2 2 0 0 2 2 1 0 0.20998 0.477984 0.20998
16 0 0 0 0 0 0 0 0 0 0 0 0 0 0 0 2 0 0 2 2 0 0 2 2 1 0 0.20998 0.477984 0.20998
16 0 0 0 0 0 0 0 0 0 0 0 0 0 0 0 2 0 0 2 2 0 0 2 2 1 0 0.20998 0.477984 0.20998
16 0 0 0 0 0 0 0 0 0 0 0 0 0 0 0 2 0 0 2 2 0 0 2 2 1 0 0.20998 0.477984 0.20998
16 0 0 0 0 0 0 0 0 0 0 0 0 0 0 0 2 0 0 2 2 0 0 2 2 1 0 0.20998 0.477984 0.20998
16 0 0 0 0 0 0 0 0 0 0 0 0 0 0 0 2 0 0 2 2 0 0 2 2 1 0 0.20998 0.477984 0.20998
16 0 0 0 0 0 0 0 0 0 0 0 0 0 0 0 2 0 0 2 2 0 0 2 2 1 0 0.20998 0.477984 0.20998
16 0 0 0 0 0 0 0 0 0 0 0 0 0 0 0 2 0 0 2 2 0 0 2 2 1 0 0.20998 0.477984 0.20998
16 0 0 0 0 0 0 0 0 0 0 0 0 0 0 0 2 0 0 2 2 0 0 2 2 1 0 0.20998 0.477984 0.20998
16 0 0 0 0 0 0 0 0 0 0 0 0 0 0 0 2 0 0 2 2 0 0 2 2 1 0 0.20998 0.477984 0.20998
16 0 0 0 0 0 0 0 0 0 0 0 0 0 0 0 2 0 0 2 2 0 0 2 2 1 0 0.20998 0.477984 0.20998
16 0 0 0 0 0 0 0 0 0 0 0 0 0 0 0 2 0 0 2 2 0 0 2 2 1 0 0.20998 0.477984 0.20998
16 0 0 0 0 0 0 0 0 0 0 0 0 0 0 0 2 0 0 2 2 0 0 2 2 1 0 0.20998 0.477984 0.20998
16 0 0 0 0 0 0 0 0 0 0 0 0 0 0 0 2 0 0 2 2 0 0 2 2 1 0 0.20998 0.477984 0.20998
16 0 0 0 0 0 0 0 0 0 0 0 0 0 0 0 2 0 0 2 2 0 0 2 2 1 0 0.20998 0.477984 0.20998
16 0 0 0 0 0 0 0 0 0 0 0 0 0 0 0 2 0 0 2 2 0 0 2 2 1 0 0.20998 0.477984 0.20998
16 0 0 0 0 0 0 0 0 0 0 0 0 0 0 0 2 0 0 2 2 0 0 2 2 1 0 0.20998 0.477984 0.20998
16 0 0 0 0 0 0 0 0 0 0 0 0 0 0 0 2 0 0 2 2 0 0 2 2 1 0 0.20998 0.477984 0.20998
16 0 0 0 0 0 0 0 0 0 0 0 0 0 0 0 2 0 0 2 2 0 0 2 2 1 0 0.20998 0.477984 0.20998
16 0 0 0 0 0 0 0 0 0 0 0 0 0 0 0 2 0 0 2 2 0 0 2 2 1 0 0.20998 0.477984 0.20998
16 0 0 0 0 0 0 0 0 0 0 0 0 0 0 0 2 0 0 2 2 0 0 2 2 1 0 0.20998 0.477984 0.20998
16 0 0 0 0 0 0 0 0 0 0 0 0 0 0 0 2 0 0 2 2 0 0 2 2 1 0 0.20998 0.477984 0.20998
16 0 0 0 0 0 0 0 0 0 0 0 0 0 0 0 2 0 0 2 2 0 0 2 2 1 0 0.20998 0.477984 0.20998
16 0 0 0 0 0 0 0 0 0 0 0 0 0 0 0 2 0 0 2 2 0 0 2 2 1 0 0.20998 0.477984 0.20998
16 0 0 0 0 0 0 0 0 0 0 0 0 0 0 0 2 0 0 2 2 0 0 2 2 1 0 0.20998 0.477984 0.20998
16 0 0 0 0 0 0 0 0 0 0 0 0 0 0 0 2 0 0 2 2 0 0 2 2 1 0 0.20998 0.477984 0.20998
16 0 0 0 0 0 0 0 0 0 0 0 0 0 0 0 2 0 0 2 2 0 0 2 2 1 0 0.20998 0.477984 0.20998
17 0 0 0 0 0 0 0 0 0 0 0 0 0 0 0 2 0 0 2 2 0 0 2 2 1 0 0.20998 0.477984 0.20998
17 0 0 0 0 0 0 0 0 0 0 0 0 0 0 0 2 0 0 2 2 0 0 2 2 1 0 0.20998 0.477984 0.20998
17 0 0 0 0 0 0 0 0 0 0 0 0 0 0 0 2 0 0 2 2 0 0 2 2 1 0 0.20998 0.477984 0.20998
17 0 0 0 0 0 0 0 0 0 0 0 0 0 0 0 2 0 0 2 2 0 0 2 2 1 0 0.20998 0.477984 0.20998
17 0 0 0 0 0 0 0 0 0 0 0 0 0 0 0 2 0 0 2 2 0 0 2 2 1 0 0.20998 0.477984 0.20998
17 0 0 0 0 0 0 0 0 0 0 0 0 0 0 0 2 0 0 2 2 0 0 2 2 1 0 0.20998 0.477984 0.20998
17 0 0 0 0 0 0 0 0 0 0 0 0 0 0 0 2 0 0 2 2 0 0 2 2 1 0 0.20998 0.477984 0.20998
17 0 0 0 0 0 0 0 0 0 0 0 0 0 0 0 2 0 0 2 2 0 0 2 2 1 0 0.20998 0.477984 0.20998
17 0 0 0 0 0 0 0 0 0 0 0 0 0 0 0 2 0 0 2 2 0 0 2 2 1 0 0.20998 0.477984 0.20998
17 0 0 0 0 0 0 0 0 0 0 0 0 0 0 0 2 0 0 2 2 0 0 2 2 1 0 0.20998 0.477984 0.20998
17 0 0 0 0 0 0 0 0 0 0 0 0 0 0 0 2 0 0 2 2 0 0 2 2 1 0 0.20998 0.477984 0.20998
17 0 0 0 0 0 0 0 0 0 0 0 0 0 0 0 2 0 0 2 2 0 0 2 2 1 0 0.20998 0.477984 0.20998
17 0 0 0 0 0 0 0 0 0 0 0 0 0 0 0 2 0 0 2 2 0 0 2 2 1 0 0.20998 0.477984 0.20998
17 0 0 0 0 0 0 0 0 0 0 0 0 0 0 0 2 0 0 2 2 0 0 2 2 1 0 0.20998 0.477984 0.20998
17 0 0 0 0 0 0 0 0 0 0 0 0 0 0 0 2 0 0 2 2 0 0 2 2 1 0 0.20998 0.477984 0.20998
17 0 0 0 0 0 0 0 0 0 0 0 0 0 0 0 2 0 0 2 2 0 0 2 2 1 0 0.20998 0.477984 0.20998
17 0 0 0 0 0 0 0 0 0 0 0 0 0 0 0 2 0 0 2 2 0 0 2 2 1 0 0.20998 0.477984 0.20998
17 0 0 0 0 0 0 0 0 0 0 0 0 0 0 0 2 0 0 2 2 0 0 2 2 1 0 0.20998 0.477984 0.20998
17 0 0 0 0 0 0 0 0 0 0 0 0 0 0 0 2 0 0 2 2 0 0 2 2 1 0 0.20998 0.477984 0.20998
17 0 0 0 0 0 0 0 0 0 0 0 0 0 0 0 2 0 0 2 2 0 0 2 2 1 0 0.20998 0.477984 0.20998
17 0 0 0 0 0 0 0 0 0 0 0 0 0 0 0 2 0 0 2 2 0 0 2 2 1 0 0.20998 0.477984 0.20998
17 0 0 0 0 0 0 0 0 0 0 0 0 0 0 0 2 0 0 2 2 0 0 2 2 1 0 0.20998 0.477984 0.20998
17 0 0 0 0 0 0 0 0 0 0 0 0 0 0 0 2 0 0 2 2 0 0 2 2 1 0 0.20998 0.477984 0.20998
17 0 0 0 0 0 0 0 0 0 0 0 0 0 0 0 2 0 0 2 2 0 0 2 2 1 0 0.20998 0.477984 0.20998
17 0 0 0 0 0 0 0 0 0 0 0 0 0 0 0 2 0 0 2 2 0 0 2 2 1 0 0.20998 0.477984 0.20998
17 0 0 0 0 0 0 0 0 0 0 0 0 0 0 0 2 0 0 2 2 0 0 2 2 1 0 0.20998 0.477984 0.20998
